Color Difference Sorting: Stimulus Data
http://inventoland.net/data/published/color_difference_sorting.html
File created September 2014 by Nathan Moroney
block_id pair_id L*1 a*1 b*1 L*2 a*2 b*2 DE00 sR(gb)1 s(r)G(b)1 s(rg)B1 sR(gb)2 s(r)G(b)2 s(rg)B2 image_name
101	10	26.149500 46.848200 32.219900	47.664300 73.467200 56.210500	20	128 7 14 227 2 18 cd-101-11.jpg
101	11	86.077200 -11.362300 53.475200	90.277000 -47.499800 37.752900	20.0001	227 219 110 152 249 152 cd-101-12.jpg
101	12	55.894400 -55.327100 45.302700	42.088100 -35.650200 9.342940	19.9999	21 155 46 0 113 82 cd-101-13.jpg
101	13	18.398200 38.471900 -28.637800	26.734900 69.996300 -95.230800	19.9999	77 15 86 2 0 216 cd-101-14.jpg
101	14	2.824290 8.551380 -3.796380	10.254900 -5.818760 -5.532630	20	23 3 17 12 30 35 cd-101-15.jpg
101	15	10.994800 21.420100 -35.566700	17.636300 36.844200 -6.241730	20	21 21 78 85 9 53 cd-101-16.jpg
101	16	71.606300 4.669270 26.727300	97.906500 -4.631080 18.690900	20.0001	201 171 126 254 250 212 cd-101-17.jpg
101	17	26.577700 -14.762700 30.049900	47.295100 -10.707900 52.615700	20	54 68 11 118 115 1 cd-101-18.jpg
101	18	47.243700 28.222500 49.308000	33.924000 27.101700 17.611700	20.0001	171 90 23 125 60 53 cd-101-19.jpg
102	10	87.017800 -82.832600 71.034600	60.654800 -63.082400 59.751800	20	8 252 63 4 170 12 cd-102-11.jpg
102	11	35.631800 4.965820 23.579800	28.979400 8.705480 -2.996390	20	103 80 45 79 63 73 cd-102-12.jpg
102	12	90.566300 -30.555800 47.094700	90.015200 -50.507000 9.537120	20.0001	200 242 134 100 251 206 cd-102-13.jpg
102	13	41.202100 59.400500 52.795800	47.057500 22.685100 55.043300	20	190 31 4 164 94 0 cd-102-14.jpg
102	14	62.393800 10.878800 -54.631800	44.460100 42.838200 -85.853200	20.0001	92 150 247 14 88 251 cd-102-15.jpg
102	15	80.903300 0.464384 81.620700	92.489800 -11.751400 29.346400	20	239 196 5 232 238 176 cd-102-16.jpg
102	16	37.621800 64.074700 -97.278800	52.518300 16.876700 -41.345800	19.9999	37 52 251 110 119 196 cd-102-17.jpg
102	17	59.703200 44.677300 19.461000	41.467200 59.184000 38.794900	20	223 108 111 189 34 37 cd-102-18.jpg
102	18	63.549600 -4.003160 -43.507100	49.223100 8.226910 -28.702000	20.0001	71 160 230 102 114 165 cd-102-19.jpg
103	10	48.720200 55.366900 -18.964300	67.663400 30.589400 -3.369050	19.9999	188 70 148 215 144 171 cd-103-11.jpg
103	11	19.140400 41.955800 -63.856400	2.587930 6.171180 -16.275000	19.9999	15 25 142 5 6 33 cd-103-12.jpg
103	12	96.090700 -25.209000 89.958800	91.211900 -51.968400 46.068200	20.0001	244 254 32 150 253 137 cd-103-13.jpg
103	13	52.709100 -1.293470 7.484640	52.678400 20.666100 27.310300	20	129 126 112 171 111 79 cd-103-14.jpg
103	14	45.890600 65.836400 58.012900	66.179400 46.766000 38.177500	19.9999	213 31 3 251 123 94 cd-103-15.jpg
103	15	73.329000 1.418360 74.938200	51.643700 -7.074000 54.472900	20	216 175 7 136 124 12 cd-103-16.jpg
103	16	55.555200 45.506400 -19.621400	55.217400 78.676000 15.344700	20.0001	193 100 167 252 36 109 cd-103-17.jpg
103	17	73.632200 -61.590700 63.957700	61.412900 -13.889300 26.999000	19.9999	82 206 45 141 154 99 cd-103-18.jpg
103	18	51.259200 77.814100 33.751400	63.027200 66.436400 -2.966630	20	242 7 69 254 93 160 cd-103-19.jpg
104	10	58.187900 51.548300 -53.180000	70.112200 14.786300 -44.777300	20	180 107 233 148 166 252 cd-104-11.jpg
104	11	77.896700 -35.968000 -18.164600	70.057000 -8.018110 -45.423200	20	43 212 224 67 179 253 cd-104-12.jpg
104	12	71.487800 27.091600 -38.240300	60.252000 88.271200 -59.319000	19.9999	189 161 244 240 54 251 cd-104-13.jpg
104	13	26.072700 47.733000 -29.884800	34.573900 9.350100 -3.707870	20	108 19 107 93 76 87 cd-104-14.jpg
104	14	68.107900 17.943900 9.889930	72.981300 15.761300 44.160700	19.9999	204 154 148 229 166 98 cd-104-15.jpg
104	15	57.415700 91.070800 -36.748100	43.955200 83.359400 -82.220200	19.9999	253 4 203 157 3 244 cd-104-16.jpg
104	16	40.541100 -4.044700 38.133800	57.948000 -18.907300 61.257800	19.9999	107 96 28 136 146 1 cd-104-17.jpg
104	17	71.102800 -62.368900 68.585200	48.923900 -51.792200 51.563500	20	74 199 14 21 135 3 cd-104-18.jpg
104	18	67.174300 -18.340700 -13.469300	64.105400 9.662970 -39.426800	20.0001	105 174 186 128 153 225 cd-104-19.jpg
105	10	58.011300 5.913070 -57.871100	67.021800 -25.877400 -26.645300	19.9999	30 142 240 17 178 210 cd-105-11.jpg
105	11	48.779100 65.805100 -28.261900	70.795700 53.329900 -17.135200	19.9999	197 55 164 251 133 205 cd-105-12.jpg
105	12	31.926700 58.427600 -41.768900	6.235700 29.696800 -28.379400	19.9999	129 18 141 36 0 57 cd-105-13.jpg
105	13	35.234200 36.331800 -39.721500	45.049200 6.128480 -36.735300	20.0001	106 62 146 70 106 167 cd-105-14.jpg
105	14	86.322700 -61.004800 80.912300	60.347900 -51.709400 59.046200	20	134 242 22 70 165 17 cd-105-15.jpg
105	15	31.347600 18.386200 -1.751930	2.628200 11.661000 1.265590	20	100 63 76 29 0 7 cd-105-16.jpg
105	16	58.309100 48.649500 -33.723000	60.521500 7.031860 -5.778090	20	195 107 199 154 142 156 cd-105-17.jpg
105	17	93.118700 -40.655100 89.653400	84.599600 0.134000 85.201400	20.0001	205 253 3 250 207 1 cd-105-18.jpg
105	18	28.613100 61.422600 -78.288900	51.071000 67.412200 -74.538000	20	70 21 192 160 73 251 cd-105-19.jpg
106	10	89.796100 -8.415540 81.306700	76.720700 17.973900 58.296300	20	252 227 49 248 174 78 cd-106-11.jpg
106	11	63.773700 51.293200 18.079300	70.037700 26.826800 37.114000	20	244 112 124 234 151 105 cd-106-12.jpg
106	12	55.777500 1.422610 -52.554600	35.965300 5.053830 -41.810500	20	12 138 224 12 85 151 cd-106-13.jpg
106	13	37.260700 57.663300 46.127800	18.103900 21.306200 18.724000	20	175 20 12 76 29 18 cd-106-14.jpg
106	14	43.311800 -16.468300 -14.681800	53.060300 -23.566600 8.255620	20.0001	42 111 125 84 137 111 cd-106-15.jpg
106	15	31.480400 18.795300 -1.541320	35.423900 6.509580 -24.512200	19.9999	101 63 76 69 81 122 cd-106-16.jpg
106	16	22.490400 12.879800 -39.388700	1.613390 2.994290 -9.145080	20	14 51 112 3 4 23 cd-106-17.jpg
106	17	30.767100 -33.212600 26.392800	18.522400 -2.639860 23.089400	20.0001	18 84 27 51 45 8 cd-106-18.jpg
106	18	65.453900 26.885300 -9.181210	45.039500 24.207100 -0.388505	20.0001	199 142 175 144 91 107 cd-106-19.jpg
107	10	88.664900 -20.562300 35.396500	96.115800 -2.963570 1.884920	20.0001	208 232 153 239 245 240 cd-107-11.jpg
107	11	63.834800 29.084200 64.298800	43.835100 24.531400 46.511300	20.0001	225 131 28 155 85 21 cd-107-12.jpg
107	12	66.681000 23.715000 51.554900	84.432800 1.581900 57.238700	19.9999	224 143 67 245 206 99 cd-107-13.jpg
107	13	50.332600 75.191500 -63.489400	55.390200 85.967800 -6.711930	20	186 53 229 254 0 147 cd-107-14.jpg
107	14	17.576800 -24.752100 18.658500	38.331100 -27.673800 -0.654993	19.9999	4 51 13 6 101 90 cd-107-15.jpg
107	15	64.282800 52.753800 46.146300	56.616900 73.612100 16.043300	19.9999	254 110 75 250 57 111 cd-107-16.jpg
107	16	45.618500 36.104800 -78.480000	23.520300 15.829100 -42.979800	20.0001	37 95 241 15 52 121 cd-107-17.jpg
107	17	82.236000 -28.387700 8.886920	74.985500 -1.666530 9.545560	20	150 219 186 188 184 167 cd-107-18.jpg
107	18	88.548200 23.399800 -15.400700	67.207800 43.108000 -45.984900	20	254 208 251 198 137 247 cd-107-19.jpg
108	10	76.518400 -52.291800 6.588820	91.834300 -16.394000 -6.911870	20	8 213 174 187 241 244 cd-108-11.jpg
108	11	90.673900 -15.897800 20.801000	94.253200 -29.062000 -6.913610	20	213 236 187 159 254 250 cd-108-12.jpg
108	12	43.795600 9.620790 49.890800	25.140900 22.462100 34.378800	19.9999	137 95 5 99 43 2 cd-108-13.jpg
108	13	61.513200 55.295600 34.439100	68.550100 29.587800 52.684300	20	247 100 90 238 144 70 cd-108-14.jpg
108	14	34.803200 56.660800 -16.908000	44.066200 51.861800 16.465600	20	151 24 109 184 58 79 cd-108-15.jpg
108	15	63.177400 11.580200 67.115400	43.286600 11.251400 49.660800	20	199 142 5 137 93 5 cd-108-16.jpg
108	16	64.503300 9.584820 55.859100	66.617700 -18.220600 39.160200	20.0001	198 147 50 153 169 89 cd-108-17.jpg
108	17	73.146700 -42.266100 -0.937696	55.193600 -14.851800 -5.610200	20	54 200 179 95 139 141 cd-108-18.jpg
108	18	45.641900 -14.787500 -12.881500	43.368200 4.156710 -11.253900	19.9999	59 116 128 100 101 120 cd-108-19.jpg
109	10	88.046200 -79.877600 74.602000	94.929200 -28.003900 92.041700	20	61 254 55 235 252 2 cd-109-11.jpg
109	11	73.321500 5.926350 -38.337300	90.857600 -11.434500 -10.580300	20.0001	146 180 249 192 236 248 cd-109-12.jpg
109	12	54.092300 28.542700 -66.277700	65.370600 -6.591720 -50.447100	20.0001	92 119 244 9 167 248 cd-109-13.jpg
109	13	67.742900 -14.406400 64.418400	79.674800 -62.443500 76.829100	20	172 170 31 107 223 7 cd-109-14.jpg
109	14	48.306400 40.157200 35.845900	59.020300 9.079000 7.515570	20.0001	187 82 55 163 136 129 cd-109-15.jpg
109	15	11.154600 32.945100 -27.471800	0.794583 3.533490 -3.941720	20.0001	53 5 67 7 0 12 cd-109-16.jpg
109	16	70.084400 -58.839800 28.985900	48.894200 -52.218200 44.280400	20.0001	18 196 115 0 135 31 cd-109-17.jpg
109	17	13.835900 30.208700 -3.566580	35.196400 62.714500 -23.508500	20	70 10 40 156 4 121 cd-109-18.jpg
109	18	48.275700 59.959600 -47.456300	55.060000 15.496600 -9.514000	20	172 69 195 151 123 148 cd-109-19.jpg
110	10	83.705700 -12.026600 80.388400	88.145900 -61.863400 83.809900	20	227 212 27 138 247 10 cd-110-11.jpg
110	11	35.374700 78.349300 -98.126800	52.954800 88.813000 -69.119400	19.9999	84 4 246 209 21 247 cd-110-12.jpg
110	12	32.170100 43.579100 13.967700	32.087900 10.959300 20.235000	20	139 37 55 100 68 44 cd-110-13.jpg
110	13	52.832900 74.787700 62.652000	66.423900 43.783600 72.581000	19.9999	247 32 13 254 125 6 cd-110-14.jpg
110	14	51.689100 26.398300 15.526200	69.875500 48.104500 4.722100	19.9999	173 104 97 252 134 164 cd-110-15.jpg
110	15	59.447200 12.100600 33.772000	82.108700 0.461584 41.703000	20	181 133 83 231 201 125 cd-110-16.jpg
110	16	39.292400 -43.997000 41.326700	28.566300 -23.960900 2.807230	20	12 108 11 7 76 62 cd-110-17.jpg
110	17	42.778000 -16.382200 12.431600	43.305500 2.746840 7.907240	20.0001	80 108 79 112 100 89 cd-110-18.jpg
110	18	60.430900 -38.045000 59.259000	55.900700 -1.243020 58.829500	19.9999	106 161 19 157 132 11 cd-110-19.jpg
111	10	87.301700 -64.225600 21.811800	93.967500 -30.460000 -8.937800	19.9999	37 248 174 150 254 253 cd-111-11.jpg
111	11	65.923800 -17.363600 21.505200	59.606200 5.674930 31.566900	19.9999	143 168 120 170 138 88 cd-111-12.jpg
111	12	61.131400 32.514400 5.000940	64.764700 7.052520 14.791000	20	204 124 139 179 151 131 cd-111-13.jpg
111	13	40.545600 78.472000 -84.300500	59.419800 70.029800 -59.858600	20.0001	134 15 237 208 88 249 cd-111-14.jpg
111	14	23.473600 7.308300 -22.136100	24.407700 -11.660700 -6.460900	20.0001	46 54 88 26 63 67 cd-111-15.jpg
111	15	85.876400 -26.516000 37.044700	87.030300 -31.336900 0.149131	20.0001	189 227 142 143 234 216 cd-111-16.jpg
111	16	56.139600 50.162100 -41.765400	35.551100 61.308700 -48.668400	19.9999	184 101 207 136 27 162 cd-111-17.jpg
111	17	47.102800 1.627360 -3.185020	63.463100 -8.610570 0.687254	20	112 111 116 137 158 152 cd-111-18.jpg
111	18	54.888900 -54.866500 51.815000	34.273500 -40.803100 38.634600	19.9999	31 152 25 4 94 5 cd-111-19.jpg
112	10	89.796400 -55.549400 21.350600	92.251400 -35.830900 66.559800	19.9999	102 252 182 203 248 96 cd-112-11.jpg
112	11	40.269600 61.378600 -58.243900	45.633100 73.496300 -8.129850	19.9999	140 47 191 207 7 123 cd-112-12.jpg
112	12	35.810900 -7.505360 -28.176600	22.291800 44.997100 -70.485800	20	2 90 128 1 30 162 cd-112-13.jpg
112	13	81.828200 -43.817500 -11.209200	58.442300 -40.892200 2.801250	20	29 226 222 0 158 134 cd-112-14.jpg
112	14	33.575100 73.523800 -104.039000	10.497600 37.861800 -53.586000	20	6 26 251 6 6 104 cd-112-15.jpg
112	15	88.918100 -60.521700 9.636190	83.388700 -81.022100 72.421800	20	9 252 202 1 240 47 cd-112-16.jpg
112	16	66.699300 -2.859880 66.771600	62.561200 29.764600 68.662300	19.9999	188 161 20 222 128 2 cd-112-17.jpg
112	17	49.746700 43.789600 16.244800	27.076900 44.158700 24.127300	20.0001	191 83 92 126 20 29 cd-112-18.jpg
112	18	68.916200 -17.553100 25.118600	61.703700 -3.140540 -1.642220	19.9999	153 176 121 141 150 151 cd-112-19.jpg
113	10	70.983800 -54.399500 28.711600	78.558600 -35.571300 -6.970510	19.9999	58 197 118 90 212 206 cd-113-11.jpg
113	11	59.104400 -50.987400 23.998000	50.802900 -30.401300 -7.144940	20.0001	10 163 97 10 135 132 cd-113-12.jpg
113	12	50.361700 75.993900 61.397600	53.974800 82.530800 17.150600	20.0001	240 7 10 253 0 104 cd-113-13.jpg
113	13	66.316000 9.907620 41.571300	45.392600 13.890200 36.366300	20	200 152 85 144 97 45 cd-113-14.jpg
113	14	62.352300 40.481900 67.906800	78.096900 15.508800 78.289500	20	236 117 11 252 179 21 cd-113-15.jpg
113	15	74.806100 7.287070 -16.319900	52.538000 12.688900 -10.920400	20.0001	183 181 213 138 118 144 cd-113-16.jpg
113	16	40.630200 65.308300 8.463420	54.765400 85.506600 -22.513300	19.9999	188 12 84 245 13 172 cd-113-17.jpg
113	17	79.247400 -20.876700 -30.978100	87.411500 -46.077400 -6.472660	20	90 210 252 66 242 229 cd-113-18.jpg
113	18	75.046600 38.257100 -31.897700	94.506900 11.149500 -7.317330	19.9999	227 161 243 254 232 253 cd-113-19.jpg
114	10	31.360900 11.010800 -41.358800	17.904000 23.027600 -22.614500	20	32 72 138 59 31 76 cd-114-11.jpg
114	11	83.113500 12.665100 -22.907000	80.495800 19.915900 5.770190	20	210 201 249 240 186 189 cd-114-12.jpg
114	12	18.828100 38.008300 -34.662700	44.014000 31.852300 -33.983000	20	72 19 96 127 86 160 cd-114-13.jpg
114	13	71.819000 -43.525700 -4.577320	64.428300 -22.120000 -30.511700	20	6 197 182 4 169 209 cd-114-14.jpg
114	14	37.093500 45.657100 8.271980	57.259400 41.392900 2.517180	20	154 48 75 204 107 134 cd-114-15.jpg
114	15	61.604200 41.008000 51.717600	81.454000 14.245800 37.994000	20	232 115 56 250 191 131 cd-114-16.jpg
114	16	28.414900 50.613800 34.622600	6.536350 22.537600 9.632480	20.0001	139 3 15 48 3 1 cd-114-17.jpg
114	17	74.966200 -39.679600 0.161901	62.512700 -19.383100 22.811600	20.0001	78 204 182 130 159 109 cd-114-18.jpg
114	18	39.444000 -6.651820 24.681800	50.919500 -42.113900 52.180300	20	96 95 51 66 137 11 cd-114-19.jpg
115	10	72.169500 -34.047800 36.974000	52.221200 -12.409400 31.112200	20	135 192 106 121 129 69 cd-115-11.jpg
115	11	84.790000 -69.565300 34.092100	87.958300 -44.153100 84.611400	19.9999	12 242 143 180 239 9 cd-115-12.jpg
115	12	50.467700 76.104600 -69.502100	57.720500 30.384700 -65.414700	20.0001	181 54 240 111 126 254 cd-115-13.jpg
115	13	26.629300 60.253300 -63.531900	3.611510 21.195700 -35.820300	20	92 2 162 0 2 62 cd-115-14.jpg
115	14	49.696100 24.432400 -25.094400	56.024400 7.411030 -40.317200	19.9999	139 105 160 97 133 204 cd-115-15.jpg
115	15	91.133200 -31.142900 -8.635330	80.973600 -5.542580 -25.910900	20	141 247 244 158 206 248 cd-115-16.jpg
115	16	36.024700 41.483600 -46.309300	37.619800 64.516600 -7.445710	20	109 60 159 172 1 102 cd-115-17.jpg
115	17	52.375900 80.426300 -34.625000	74.483900 55.114000 -37.497700	19.9999	224 32 185 249 144 253 cd-115-18.jpg
115	18	28.845700 49.842800 -18.815200	25.194300 58.064300 -74.238700	20.0001	125 20 97 60 15 176 cd-115-19.jpg
116	10	74.387300 -41.521000 46.493300	60.703000 -36.104000 7.586200	20	130 201 92 65 162 131 cd-116-11.jpg
116	11	69.905400 41.158700 1.860170	74.965800 22.704200 -27.691600	19.9999	241 140 168 202 172 235 cd-116-12.jpg
116	12	22.966400 1.425100 29.044600	3.237880 -3.266870 4.681040	20.0001	68 52 6 8 13 0 cd-116-13.jpg
116	13	62.219500 -35.191800 45.649600	80.076300 -18.876900 76.421900	20	111 165 63 203 205 29 cd-116-14.jpg
116	14	52.627600 17.102700 42.640900	56.736300 47.920600 34.701800	20	171 112 50 222 96 78 cd-116-15.jpg
116	15	47.062100 -44.331900 48.688900	24.947600 -28.311800 28.153900	19.9999	47 128 10 20 68 11 cd-116-16.jpg
116	16	17.621600 13.691600 12.408100	35.110100 12.092800 39.531300	20	66 34 25 114 74 13 cd-116-17.jpg
116	17	42.589600 3.340150 -44.402200	18.610700 0.364039 -23.508100	20.0001	18 103 173 8 47 79 cd-116-18.jpg
116	18	40.013200 44.599900 -80.903900	56.222900 -6.635860 -19.686300	20.0001	43 75 229 98 139 168 cd-116-19.jpg
117	10	72.493700 -12.096200 -41.482500	61.592600 20.404900 -52.814300	19.9999	71 188 252 123 141 242 cd-117-11.jpg
117	11	59.499800 69.248900 1.729650	67.828700 43.808500 30.407500	20	249 77 142 250 130 112 cd-117-12.jpg
117	12	38.965900 51.840100 38.813100	53.208900 81.028300 22.690700	19.9999	173 41 30 250 4 93 cd-117-13.jpg
117	13	68.169200 43.593900 -47.166900	46.801200 48.470700 -40.409100	20.0001	201 140 251 156 78 179 cd-117-14.jpg
117	14	26.276300 47.930300 19.809400	47.576700 74.862200 15.198000	19.9999	128 5 34 222 2 91 cd-117-15.jpg
117	15	74.616100 -18.697600 -19.176300	78.842500 -18.493900 8.343800	20	114 195 217 164 204 179 cd-117-16.jpg
117	16	55.397600 16.596500 -5.750470	39.029900 6.016370 4.301390	20	157 123 142 104 88 85 cd-117-17.jpg
117	17	36.314700 61.038300 17.441700	52.580600 75.416500 -6.314810	20.0001	172 2 60 232 41 138 cd-117-18.jpg
117	18	39.983000 -17.053400 -0.173823	52.505500 -27.368200 27.380100	20.0001	59 102 93 91 136 76 cd-117-19.jpg
118	10	84.370500 -34.456000 25.542500	76.022500 -2.732940 29.021500	20	158 227 160 202 187 133 cd-118-11.jpg
118	11	85.642200 5.759330 -18.034600	63.774000 19.033400 -49.161400	19.9999	208 212 247 133 147 242 cd-118-12.jpg
118	12	67.318900 62.777800 -16.928400	70.396900 44.196800 17.248800	20	254 112 195 254 138 143 cd-118-13.jpg
118	13	56.078600 67.797200 0.598359	46.190200 75.894100 -43.193600	20	236 69 135 193 22 183 cd-118-14.jpg
118	14	46.262300 44.231900 -53.849400	59.626400 95.604000 -56.390700	20	132 84 200 252 14 244 cd-118-15.jpg
118	15	56.499400 89.930800 -45.160000	54.502800 83.715300 7.320240	20	243 16 215 253 1 121 cd-118-16.jpg
118	16	63.422300 -20.970300 49.368900	90.705600 -12.925600 48.783800	19.9999	144 162 59 235 233 132 cd-118-17.jpg
118	17	35.519800 -23.072000 6.201740	27.812700 -10.998600 -16.366900	20	40 93 72 10 71 90 cd-118-18.jpg
118	18	89.115900 -12.220500 54.893800	81.655100 10.206300 26.547800	20	235 228 115 239 194 153 cd-118-19.jpg
119	10	26.149500 46.848200 32.219900	47.664300 73.467200 56.210500	20	128 7 14 227 2 18 cd-119-11.jpg
119	11	87.017800 -82.832600 71.034600	60.654800 -63.082400 59.751800	20	8 252 63 4 170 12 cd-119-12.jpg
119	12	48.720200 55.366900 -18.964300	67.663400 30.589400 -3.369050	19.9999	188 70 148 215 144 171 cd-119-13.jpg
119	13	58.187900 51.548300 -53.180000	70.112200 14.786300 -44.777300	20	180 107 233 148 166 252 cd-119-14.jpg
119	14	58.011300 5.913070 -57.871100	67.021800 -25.877400 -26.645300	19.9999	30 142 240 17 178 210 cd-119-15.jpg
119	15	89.796100 -8.415540 81.306700	76.720700 17.973900 58.296300	20	252 227 49 248 174 78 cd-119-16.jpg
119	16	88.664900 -20.562300 35.396500	96.115800 -2.963570 1.884920	20.0001	208 232 153 239 245 240 cd-119-17.jpg
119	17	76.518400 -52.291800 6.588820	91.834300 -16.394000 -6.911870	20	8 213 174 187 241 244 cd-119-18.jpg
119	18	88.046200 -79.877600 74.602000	94.929200 -28.003900 92.041700	20	61 254 55 235 252 2 cd-119-19.jpg
120	10	83.705700 -12.026600 80.388400	88.145900 -61.863400 83.809900	20	227 212 27 138 247 10 cd-120-11.jpg
120	11	87.301700 -64.225600 21.811800	93.967500 -30.460000 -8.937800	19.9999	37 248 174 150 254 253 cd-120-12.jpg
120	12	89.796400 -55.549400 21.350600	92.251400 -35.830900 66.559800	19.9999	102 252 182 203 248 96 cd-120-13.jpg
120	13	70.983800 -54.399500 28.711600	78.558600 -35.571300 -6.970510	19.9999	58 197 118 90 212 206 cd-120-14.jpg
120	14	31.360900 11.010800 -41.358800	17.904000 23.027600 -22.614500	20	32 72 138 59 31 76 cd-120-15.jpg
120	15	72.169500 -34.047800 36.974000	52.221200 -12.409400 31.112200	20	135 192 106 121 129 69 cd-120-16.jpg
120	16	74.387300 -41.521000 46.493300	60.703000 -36.104000 7.586200	20	130 201 92 65 162 131 cd-120-17.jpg
120	17	72.493700 -12.096200 -41.482500	61.592600 20.404900 -52.814300	19.9999	71 188 252 123 141 242 cd-120-18.jpg
120	18	84.370500 -34.456000 25.542500	76.022500 -2.732940 29.021500	20	158 227 160 202 187 133 cd-120-19.jpg
121	10	26.149500 46.848200 32.219900	47.664300 73.467200 56.210500	20	128 7 14 227 2 18 cd-121-11.jpg
121	11	87.017800 -82.832600 71.034600	60.654800 -63.082400 59.751800	20	8 252 63 4 170 12 cd-121-12.jpg
121	12	48.720200 55.366900 -18.964300	67.663400 30.589400 -3.369050	19.9999	188 70 148 215 144 171 cd-121-13.jpg
121	13	58.187900 51.548300 -53.180000	70.112200 14.786300 -44.777300	20	180 107 233 148 166 252 cd-121-14.jpg
121	14	83.705700 -12.026600 80.388400	88.145900 -61.863400 83.809900	20	227 212 27 138 247 10 cd-121-15.jpg
121	15	87.301700 -64.225600 21.811800	93.967500 -30.460000 -8.937800	19.9999	37 248 174 150 254 253 cd-121-16.jpg
121	16	89.796400 -55.549400 21.350600	92.251400 -35.830900 66.559800	19.9999	102 252 182 203 248 96 cd-121-17.jpg
121	17	70.983800 -54.399500 28.711600	78.558600 -35.571300 -6.970510	19.9999	58 197 118 90 212 206 cd-121-18.jpg
121	18	31.360900 11.010800 -41.358800	17.904000 23.027600 -22.614500	20	32 72 138 59 31 76 cd-121-19.jpg
